support vector is 44
0.292700 0.299700 0.302600 0.306700 0.309800 0.313600 0.315800 0.315400 0.317000 0.318200 0.317700 0.318900 0.318200 0.317400 0.317500 0.316300 0.317100 0.317200 0.313500 0.314200 0.312700 0.312100 0.313000 0.316400 0.315700 0.314700 0.313800 0.315900 0.312800 0.308800 0.308300 0.307300 0.303500 0.303800 0.300700 0.299300 0.296800 0.295300 0.295500 0.294500 0.294000 0.291000 0.287800 0.286600 0.285800 0.284300 0.281500 0.278900 0.279600 0.278700 0.278400 0.276400 0.278800 0.283000 0.278500 0.276500 0.275200 0.271000 0.268900 0.268400 0.265700 0.263800 0.261700 0.257700 0.256100 0.255300 0.253600 0.250300 0.245900 0.246900 
0.290700 0.299700 0.302600 0.308300 0.312000 0.312900 0.317200 0.317300 0.317600 0.318900 0.320000 0.319900 0.320400 0.319700 0.319100 0.319000 0.317700 0.317200 0.316900 0.316400 0.315500 0.316100 0.315300 0.320200 0.318900 0.319600 0.319200 0.318800 0.316300 0.313200 0.311700 0.310600 0.307100 0.307000 0.304800 0.302700 0.299900 0.299900 0.300400 0.297800 0.296900 0.293500 0.291100 0.290700 0.289000 0.287200 0.284400 0.282900 0.282000 0.281700 0.280900 0.277800 0.280900 0.281800 0.279200 0.276300 0.277300 0.273500 0.271700 0.270200 0.267700 0.264900 0.262800 0.259800 0.258100 0.255900 0.255000 0.252400 0.247300 0.246600 
0.281000 0.289100 0.292600 0.294800 0.300400 0.301000 0.304300 0.306000 0.306500 0.308700 0.308700 0.308300 0.309100 0.309200 0.309600 0.307800 0.308400 0.308000 0.307300 0.305100 0.307600 0.305900 0.304900 0.310000 0.308900 0.308900 0.308800 0.308300 0.306600 0.303500 0.302400 0.300900 0.298300 0.297000 0.295300 0.293900 0.290600 0.291500 0.291100 0.290100 0.289500 0.286900 0.283500 0.283400 0.280500 0.278300 0.276500 0.274300 0.275800 0.273700 0.273500 0.271000 0.277000 0.280500 0.276000 0.273700 0.272200 0.268600 0.265500 0.265400 0.262600 0.260700 0.261300 0.255800 0.254100 0.252200 0.250400 0.247800 0.243800 0.243300 
0.204000 0.205500 0.209800 0.211900 0.211500 0.213200 0.212900 0.217300 0.215100 0.213400 0.212800 0.212000 0.209700 0.207000 0.206800 0.206600 0.205200 0.204300 0.206300 0.205700 0.204900 0.206100 0.206400 0.209900 0.209400 0.208800 0.209800 0.208100 0.207100 0.205000 0.204800 0.205400 0.202900 0.202500 0.199500 0.200400 0.199200 0.198000 0.197800 0.197600 0.195000 0.193700 0.191300 0.190400 0.190000 0.189200 0.186900 0.184600 0.183900 0.183600 0.183000 0.182600 0.181400 0.177000 0.180400 0.177400 0.177200 0.176400 0.177000 0.175600 0.174900 0.173600 0.164600 0.171100 0.170700 0.169300 0.165900 0.166600 0.164000 0.163900 
0.204000 0.205500 0.209800 0.211900 0.211500 0.213200 0.212900 0.217300 0.215100 0.213400 0.212800 0.212000 0.209700 0.207000 0.206800 0.206600 0.205200 0.204300 0.206300 0.205700 0.204900 0.206100 0.206400 0.209900 0.209400 0.208800 0.209800 0.208100 0.207100 0.205000 0.204800 0.205400 0.202900 0.202500 0.199500 0.200400 0.199200 0.198000 0.197800 0.197600 0.195000 0.193700 0.191300 0.190400 0.190000 0.189200 0.186900 0.184600 0.183900 0.183600 0.183000 0.182600 0.181400 0.177000 0.180400 0.177400 0.177200 0.176400 0.177000 0.175600 0.174900 0.173600 0.164600 0.171100 0.170700 0.169300 0.165900 0.166600 0.164000 0.163900 
0.507400 0.527600 0.545500 0.563900 0.572000 0.589700 0.599400 0.615700 0.625900 0.633400 0.644000 0.651600 0.656300 0.660300 0.663500 0.666500 0.670100 0.673700 0.674200 0.678800 0.680500 0.687300 0.691700 0.696400 0.700700 0.706000 0.708400 0.711400 0.710900 0.713600 0.706800 0.711700 0.704600 0.704100 0.703000 0.700500 0.697600 0.696000 0.696000 0.699000 0.693000 0.693500 0.691600 0.687300 0.682300 0.680100 0.680000 0.674300 0.675700 0.672300 0.669000 0.671000 0.668000 0.672000 0.668400 0.665300 0.665200 0.661600 0.660700 0.658400 0.655600 0.650500 0.629300 0.642400 0.640000 0.634900 0.630100 0.626000 0.617900 0.617500 
0.367100 0.381900 0.384900 0.390100 0.406500 0.407200 0.426100 0.420100 0.426100 0.440300 0.443300 0.443800 0.456500 0.460800 0.462900 0.462400 0.464700 0.470200 0.464100 0.464400 0.473000 0.470600 0.471500 0.476500 0.475400 0.476400 0.479600 0.481400 0.480500 0.478800 0.476100 0.477700 0.475900 0.475900 0.475800 0.475300 0.470700 0.471800 0.472700 0.470900 0.470900 0.467400 0.466300 0.464600 0.463100 0.463400 0.460800 0.457400 0.460000 0.457100 0.458400 0.457700 0.469700 0.481400 0.470100 0.471000 0.472800 0.462100 0.459600 0.463200 0.457200 0.452900 0.494200 0.444900 0.444100 0.442800 0.448200 0.439500 0.433200 0.433400 
0.204900 0.210000 0.207500 0.204900 0.211400 0.209100 0.214300 0.206800 0.206500 0.211700 0.208400 0.204300 0.209300 0.210600 0.208200 0.207700 0.206300 0.206000 0.204000 0.200000 0.204200 0.199300 0.196000 0.201600 0.197000 0.195900 0.197000 0.196900 0.192300 0.189700 0.188500 0.187500 0.184600 0.184800 0.184300 0.180500 0.177900 0.177000 0.177800 0.174400 0.175300 0.171000 0.168000 0.167800 0.167100 0.164400 0.161900 0.161100 0.161300 0.159400 0.159900 0.157900 0.165700 0.174300 0.166300 0.163100 0.162600 0.155700 0.154000 0.154500 0.152100 0.149900 0.165700 0.147300 0.146700 0.147300 0.150600 0.148100 0.147700 0.148700 
0.186600 0.191400 0.187800 0.190900 0.195500 0.192900 0.198600 0.192500 0.191700 0.196600 0.193600 0.189300 0.193700 0.195300 0.195800 0.193800 0.192800 0.193300 0.191400 0.191000 0.193900 0.186800 0.183900 0.186900 0.184600 0.183400 0.181800 0.182100 0.179500 0.177200 0.177500 0.176700 0.174500 0.176200 0.176100 0.171900 0.171400 0.171000 0.173000 0.170600 0.171300 0.168300 0.166600 0.166800 0.166100 0.166000 0.164200 0.163000 0.164600 0.162500 0.163500 0.161900 0.170300 0.177900 0.168900 0.168400 0.169000 0.162300 0.162200 0.162500 0.159000 0.158000 0.180100 0.155300 0.155100 0.154000 0.155500 0.152700 0.150300 0.149900 
0.177700 0.181600 0.178000 0.177500 0.181600 0.177600 0.182900 0.173300 0.172000 0.176300 0.173300 0.167700 0.169900 0.170500 0.170300 0.168600 0.168300 0.168000 0.166100 0.165700 0.168900 0.163100 0.158900 0.163900 0.159400 0.160000 0.159100 0.159400 0.157000 0.155400 0.156000 0.155600 0.153200 0.154000 0.154100 0.151000 0.149700 0.149400 0.151600 0.149500 0.151100 0.147100 0.144700 0.146200 0.146400 0.145400 0.143600 0.143000 0.143700 0.143100 0.144900 0.142700 0.150300 0.157700 0.151700 0.148500 0.148700 0.142000 0.140800 0.142900 0.140700 0.139000 0.150800 0.136300 0.134700 0.135700 0.136000 0.134100 0.131500 0.132200 
0.347100 0.355700 0.363100 0.368400 0.373900 0.377300 0.384000 0.384300 0.389500 0.395600 0.393600 0.396300 0.399700 0.402500 0.400300 0.402600 0.404600 0.404800 0.403600 0.403200 0.407800 0.407400 0.408600 0.413800 0.413000 0.415500 0.415200 0.415400 0.413400 0.410600 0.406000 0.407100 0.404400 0.404100 0.401000 0.397700 0.392600 0.390100 0.389900 0.387600 0.385900 0.382900 0.380900 0.380800 0.381600 0.383000 0.384900 0.386900 0.390200 0.394400 0.396000 0.400400 0.407900 0.422400 0.421400 0.424500 0.427800 0.426000 0.426400 0.430400 0.428700 0.428500 0.442600 0.426100 0.427100 0.426400 0.429600 0.426100 0.420600 0.421700 
0.285800 0.289900 0.290200 0.294200 0.294600 0.294000 0.294800 0.296900 0.293800 0.290800 0.290100 0.288000 0.284100 0.283200 0.282400 0.280500 0.279600 0.279300 0.279200 0.278100 0.278000 0.277700 0.278300 0.282300 0.282800 0.279600 0.279700 0.278000 0.277200 0.274200 0.271800 0.270900 0.270500 0.268400 0.266000 0.265200 0.261900 0.261500 0.261000 0.260600 0.257300 0.254500 0.251500 0.250800 0.249600 0.247100 0.245000 0.242100 0.242200 0.241500 0.240000 0.238200 0.240900 0.239100 0.237300 0.234700 0.233900 0.232500 0.231200 0.229600 0.228800 0.226400 0.222600 0.223600 0.221900 0.220000 0.216000 0.215100 0.212100 0.212100 
0.289800 0.295400 0.298500 0.303600 0.306400 0.305200 0.309200 0.309900 0.308600 0.310000 0.307100 0.303500 0.306300 0.305800 0.305600 0.303600 0.304100 0.305800 0.303400 0.302900 0.305300 0.302000 0.299800 0.306000 0.303400 0.302000 0.300500 0.300800 0.297900 0.293000 0.293000 0.292400 0.291100 0.290600 0.290600 0.286300 0.284200 0.283400 0.284500 0.280400 0.281500 0.277100 0.274300 0.273200 0.272000 0.271300 0.269200 0.266600 0.267500 0.264200 0.267200 0.264100 0.274400 0.278900 0.273700 0.269000 0.269600 0.262800 0.262100 0.261800 0.257700 0.255900 0.277500 0.250700 0.248800 0.248500 0.250600 0.246000 0.242000 0.241500 
0.299400 0.305900 0.308200 0.309800 0.313500 0.310800 0.313900 0.309800 0.310300 0.310000 0.307100 0.303500 0.305700 0.305300 0.302800 0.301400 0.300900 0.302300 0.298700 0.296100 0.301300 0.298000 0.293400 0.302100 0.298500 0.297800 0.294500 0.295400 0.291500 0.286200 0.287300 0.284600 0.283600 0.284300 0.283100 0.279700 0.276600 0.276000 0.276600 0.273400 0.273600 0.268800 0.266000 0.265400 0.263400 0.262800 0.259700 0.257100 0.257600 0.256200 0.256900 0.255000 0.264500 0.275500 0.266600 0.264600 0.263100 0.254700 0.251300 0.252400 0.248600 0.244700 0.273700 0.239200 0.238200 0.238200 0.241600 0.234900 0.230300 0.230800 
0.290700 0.299700 0.302600 0.308300 0.312000 0.312900 0.317200 0.317300 0.317600 0.318900 0.320000 0.319900 0.320400 0.319700 0.319100 0.319000 0.317700 0.317200 0.316900 0.316400 0.315500 0.316100 0.315300 0.320200 0.318900 0.319600 0.319200 0.318800 0.316300 0.313200 0.311700 0.310600 0.307100 0.307000 0.304800 0.302700 0.299900 0.299900 0.300400 0.297800 0.296900 0.293500 0.291100 0.290700 0.289000 0.287200 0.284400 0.282900 0.282000 0.281700 0.280900 0.277800 0.280900 0.281800 0.279200 0.276300 0.277300 0.273500 0.271700 0.270200 0.267700 0.264900 0.262800 0.259800 0.258100 0.255900 0.255000 0.252400 0.247300 0.246600 
0.244800 0.252600 0.252500 0.254200 0.257400 0.258200 0.262700 0.260200 0.260500 0.263200 0.262800 0.261300 0.265200 0.265100 0.264000 0.263400 0.264500 0.264300 0.260800 0.260500 0.262500 0.260600 0.259200 0.264100 0.261500 0.260200 0.260100 0.261400 0.258100 0.255600 0.252400 0.251100 0.249100 0.248400 0.245400 0.242400 0.239200 0.237700 0.237900 0.233900 0.233000 0.228800 0.224600 0.224500 0.222500 0.220000 0.218300 0.215800 0.215000 0.212900 0.212100 0.210900 0.215300 0.219900 0.214400 0.213200 0.211700 0.204500 0.203700 0.202700 0.199200 0.197600 0.217500 0.193200 0.193300 0.193900 0.198400 0.195500 0.194000 0.195000 
0.292700 0.299700 0.302600 0.306700 0.309800 0.313600 0.315800 0.315400 0.317000 0.318200 0.317700 0.318900 0.318200 0.317400 0.317500 0.316300 0.317100 0.317200 0.313500 0.314200 0.312700 0.312100 0.313000 0.316400 0.315700 0.314700 0.313800 0.315900 0.312800 0.308800 0.308300 0.307300 0.303500 0.303800 0.300700 0.299300 0.296800 0.295300 0.295500 0.294500 0.294000 0.291000 0.287800 0.286600 0.285800 0.284300 0.281500 0.278900 0.279600 0.278700 0.278400 0.276400 0.278800 0.283000 0.278500 0.276500 0.275200 0.271000 0.268900 0.268400 0.265700 0.263800 0.261700 0.257700 0.256100 0.255300 0.253600 0.250300 0.245900 0.246900 
0.150300 0.153900 0.151000 0.151600 0.154600 0.151600 0.155600 0.149700 0.149300 0.152300 0.150000 0.144900 0.147700 0.147800 0.148600 0.146600 0.145500 0.146000 0.144300 0.141800 0.146700 0.140300 0.136400 0.140600 0.138500 0.137800 0.137200 0.136600 0.134400 0.133100 0.132200 0.131400 0.130000 0.131800 0.129700 0.128500 0.126700 0.127200 0.127600 0.125900 0.125800 0.123500 0.121900 0.123200 0.122100 0.121300 0.119800 0.118900 0.118900 0.118300 0.117900 0.116000 0.123700 0.134900 0.127200 0.122600 0.123600 0.117800 0.116000 0.117200 0.115600 0.113900 0.138800 0.111300 0.111400 0.111500 0.114600 0.110100 0.108700 0.108700 
0.233300 0.235600 0.237000 0.239400 0.241500 0.239900 0.243600 0.240900 0.242300 0.244600 0.244100 0.242500 0.244000 0.243700 0.242500 0.241500 0.241500 0.240100 0.240100 0.240200 0.238500 0.240100 0.239500 0.243600 0.241400 0.241000 0.241200 0.241800 0.239600 0.237100 0.237000 0.236600 0.234400 0.234600 0.232600 0.231100 0.229600 0.228700 0.228700 0.226900 0.226200 0.223100 0.221500 0.220600 0.218800 0.217400 0.215200 0.213900 0.214500 0.212300 0.212900 0.211400 0.213000 0.208400 0.213700 0.211800 0.210400 0.209700 0.208300 0.207300 0.206100 0.203900 0.187300 0.200800 0.200500 0.198400 0.197000 0.195900 0.193200 0.192900 
0.193400 0.195800 0.199200 0.205800 0.202800 0.206300 0.204800 0.209900 0.207800 0.203200 0.203800 0.201600 0.197800 0.197200 0.195300 0.194300 0.192700 0.192200 0.191900 0.192200 0.190500 0.190300 0.189100 0.192500 0.191900 0.189600 0.188600 0.188200 0.187000 0.183100 0.181300 0.181400 0.180500 0.180200 0.179600 0.177700 0.176100 0.175600 0.175300 0.173700 0.174200 0.170200 0.169000 0.169500 0.167800 0.165800 0.164700 0.162700 0.163900 0.163000 0.162700 0.160200 0.164400 0.165000 0.165800 0.163000 0.163100 0.159000 0.158100 0.158000 0.156000 0.154700 0.158100 0.151600 0.151100 0.151000 0.150300 0.148400 0.146100 0.145700 
0.257600 0.263200 0.264000 0.265900 0.267500 0.266500 0.267500 0.262700 0.262900 0.264900 0.264000 0.260100 0.265600 0.264800 0.263500 0.263800 0.265500 0.266500 0.261900 0.260700 0.265600 0.265000 0.264300 0.269500 0.265500 0.266500 0.266700 0.268500 0.266200 0.262600 0.261700 0.261800 0.260400 0.262000 0.259400 0.259500 0.255800 0.256400 0.257200 0.253700 0.253500 0.250300 0.248000 0.249900 0.249700 0.247800 0.246700 0.244900 0.245100 0.241400 0.241900 0.241200 0.247700 0.255200 0.251800 0.252300 0.254200 0.248200 0.246500 0.247300 0.243900 0.241100 0.253600 0.235000 0.234200 0.233700 0.237500 0.231300 0.227800 0.226900 
0.287800 0.295200 0.300100 0.305100 0.309100 0.310800 0.315200 0.315400 0.316400 0.317000 0.318300 0.318300 0.317600 0.317900 0.317400 0.317400 0.317100 0.316100 0.314700 0.314200 0.314900 0.313300 0.313000 0.317600 0.314900 0.316600 0.315300 0.315800 0.313900 0.310300 0.307700 0.309000 0.305200 0.303500 0.301700 0.299900 0.296800 0.296000 0.296300 0.295800 0.295000 0.291200 0.289700 0.288100 0.286900 0.283500 0.281800 0.280400 0.280400 0.276700 0.275700 0.275600 0.279300 0.281200 0.278400 0.275100 0.274600 0.270000 0.269200 0.268200 0.265300 0.262900 0.260500 0.258300 0.256700 0.254400 0.252700 0.250000 0.246100 0.244800 
0.287800 0.296100 0.298400 0.304400 0.307600 0.311500 0.313800 0.314800 0.315700 0.317700 0.317100 0.318300 0.318200 0.317900 0.317400 0.317400 0.317700 0.316600 0.315200 0.313600 0.314300 0.313800 0.314100 0.318200 0.317900 0.315800 0.315900 0.316900 0.313600 0.310000 0.308000 0.307500 0.304900 0.303000 0.302200 0.301400 0.296400 0.297400 0.297000 0.295800 0.294600 0.292100 0.288900 0.287800 0.286900 0.284300 0.282400 0.280500 0.280000 0.277900 0.277600 0.275700 0.280900 0.277200 0.278700 0.276100 0.273900 0.270400 0.269600 0.268200 0.266700 0.263000 0.261300 0.258700 0.257600 0.255300 0.253900 0.250500 0.246300 0.246200 
0.283900 0.292600 0.296000 0.302000 0.304000 0.306600 0.311700 0.312900 0.315700 0.315900 0.317100 0.317200 0.318200 0.317900 0.317400 0.316900 0.317100 0.316600 0.315200 0.314700 0.315500 0.314400 0.315300 0.318500 0.317800 0.318600 0.317700 0.317300 0.316700 0.312300 0.311600 0.310500 0.307900 0.306600 0.305400 0.303200 0.300600 0.299900 0.299300 0.299000 0.297000 0.295000 0.291700 0.290500 0.289600 0.286700 0.285100 0.283500 0.283200 0.281400 0.280600 0.277500 0.282700 0.283400 0.283000 0.277800 0.278100 0.273900 0.272500 0.272200 0.269500 0.266800 0.268000 0.261500 0.259800 0.259400 0.256700 0.252800 0.250600 0.247700 
0.212800 0.218000 0.212500 0.211300 0.216600 0.210500 0.216300 0.205000 0.204700 0.209200 0.204400 0.199200 0.201800 0.202800 0.199700 0.199100 0.197100 0.198500 0.194900 0.194400 0.197800 0.193100 0.188000 0.194000 0.191100 0.189100 0.188500 0.188200 0.185800 0.183100 0.181300 0.180600 0.180200 0.181200 0.182700 0.178100 0.175800 0.175300 0.178000 0.174600 0.175700 0.171800 0.170400 0.171300 0.170300 0.169500 0.167200 0.166600 0.166700 0.164100 0.166100 0.162800 0.171200 0.176300 0.170300 0.169600 0.170400 0.165400 0.163700 0.164300 0.161200 0.158600 0.176900 0.156500 0.155400 0.154900 0.156400 0.152900 0.149700 0.148900 
0.202900 0.203800 0.208200 0.213500 0.212100 0.219000 0.216300 0.222900 0.221800 0.220000 0.220300 0.219200 0.215500 0.216900 0.215200 0.214600 0.213900 0.215200 0.214300 0.213600 0.213400 0.212900 0.212800 0.215200 0.213800 0.213400 0.212200 0.212100 0.210000 0.207900 0.205800 0.206300 0.205000 0.205700 0.204000 0.201800 0.200500 0.200200 0.199500 0.198700 0.197300 0.195800 0.193000 0.193100 0.191700 0.191000 0.188600 0.187600 0.186800 0.186100 0.185700 0.184700 0.188400 0.193600 0.190900 0.186800 0.188500 0.182700 0.180700 0.182000 0.179800 0.177500 0.192400 0.174300 0.173100 0.172900 0.174100 0.170400 0.168100 0.167600 
0.227500 0.228600 0.236200 0.242600 0.235600 0.242100 0.232700 0.249700 0.243400 0.233200 0.234500 0.238000 0.227600 0.222300 0.221200 0.221200 0.219400 0.215900 0.219000 0.220000 0.214700 0.219200 0.221000 0.223600 0.224100 0.225000 0.222200 0.221900 0.219700 0.216000 0.215500 0.214300 0.213200 0.210600 0.208700 0.207700 0.205900 0.204400 0.203900 0.203900 0.200900 0.199400 0.197900 0.196400 0.194800 0.191800 0.190800 0.187700 0.187400 0.185900 0.185600 0.184800 0.181800 0.174700 0.178100 0.176100 0.174900 0.175700 0.176200 0.172800 0.173100 0.171000 0.155200 0.169000 0.167500 0.166300 0.162400 0.162000 0.160400 0.160400 
0.298400 0.303200 0.303300 0.306600 0.307600 0.306700 0.307700 0.304800 0.303500 0.300400 0.298500 0.294000 0.293200 0.292000 0.291000 0.289000 0.288400 0.288400 0.287800 0.285400 0.288800 0.285500 0.283500 0.290000 0.288000 0.286600 0.285800 0.284400 0.282600 0.277400 0.276900 0.278000 0.274200 0.274300 0.272400 0.270600 0.267300 0.266100 0.266500 0.265500 0.264400 0.259800 0.257000 0.256000 0.254800 0.252400 0.250300 0.249200 0.247500 0.248000 0.248500 0.246700 0.255000 0.258600 0.253900 0.249700 0.249400 0.243500 0.239400 0.239600 0.237200 0.233600 0.245500 0.230600 0.227700 0.226000 0.227800 0.224300 0.220000 0.220600 
0.309400 0.313900 0.316600 0.316900 0.321000 0.319300 0.318600 0.317900 0.315900 0.315400 0.310500 0.307300 0.307900 0.305800 0.303900 0.302000 0.303600 0.301700 0.299800 0.298300 0.301800 0.300300 0.298000 0.304700 0.302100 0.301900 0.300600 0.299500 0.297100 0.293900 0.290800 0.293100 0.289100 0.288700 0.286700 0.286300 0.282600 0.281200 0.281300 0.278900 0.277800 0.275200 0.273200 0.271300 0.269700 0.267800 0.265800 0.262300 0.263200 0.262300 0.260100 0.258600 0.264600 0.272700 0.264700 0.262900 0.263200 0.256900 0.254900 0.255600 0.251700 0.248800 0.263600 0.243200 0.242300 0.240000 0.242100 0.238100 0.233700 0.233400 
0.285800 0.289900 0.290200 0.294200 0.294600 0.294000 0.294800 0.296900 0.293800 0.290800 0.290100 0.288000 0.284100 0.283200 0.282400 0.280500 0.279600 0.279300 0.279200 0.278100 0.278000 0.277700 0.278300 0.282300 0.282800 0.279600 0.279700 0.278000 0.277200 0.274200 0.271800 0.270900 0.270500 0.268400 0.266000 0.265200 0.261900 0.261500 0.261000 0.260600 0.257300 0.254500 0.251500 0.250800 0.249600 0.247100 0.245000 0.242100 0.242200 0.241500 0.240000 0.238200 0.240900 0.239100 0.237300 0.234700 0.233900 0.232500 0.231200 0.229600 0.228800 0.226400 0.222600 0.223600 0.221900 0.220000 0.216000 0.215100 0.212100 0.212100 
0.289800 0.295400 0.298500 0.303600 0.306400 0.305200 0.309200 0.309900 0.308600 0.310000 0.307100 0.303500 0.306300 0.305800 0.305600 0.303600 0.304100 0.305800 0.303400 0.302900 0.305300 0.302000 0.299800 0.306000 0.303400 0.302000 0.300500 0.300800 0.297900 0.293000 0.293000 0.292400 0.291100 0.290600 0.290600 0.286300 0.284200 0.283400 0.284500 0.280400 0.281500 0.277100 0.274300 0.273200 0.272000 0.271300 0.269200 0.266600 0.267500 0.264200 0.267200 0.264100 0.274400 0.278900 0.273700 0.269000 0.269600 0.262800 0.262100 0.261800 0.257700 0.255900 0.277500 0.250700 0.248800 0.248500 0.250600 0.246000 0.242000 0.241500 
0.354100 0.360100 0.364000 0.365400 0.369000 0.366300 0.367100 0.366400 0.366300 0.365100 0.362000 0.360500 0.358800 0.356500 0.354900 0.353300 0.351400 0.349000 0.350400 0.349500 0.348300 0.349700 0.348400 0.355200 0.353200 0.352100 0.351000 0.350500 0.347900 0.344700 0.342100 0.340300 0.338200 0.335800 0.334400 0.332100 0.328300 0.327200 0.325800 0.324900 0.323500 0.321100 0.315500 0.314800 0.311200 0.309100 0.307400 0.304000 0.305500 0.303300 0.303800 0.301200 0.304700 0.309100 0.306500 0.299200 0.298300 0.292300 0.290900 0.289200 0.286500 0.283000 0.271700 0.279100 0.275900 0.273700 0.272300 0.269300 0.265500 0.266200 
0.214700 0.213400 0.216500 0.219800 0.218000 0.218800 0.212900 0.219800 0.216200 0.209700 0.208400 0.207500 0.199400 0.197200 0.194700 0.193700 0.192100 0.189200 0.191400 0.191600 0.188300 0.187900 0.189000 0.190700 0.190500 0.190100 0.189700 0.188500 0.186300 0.184200 0.182200 0.181100 0.180700 0.179900 0.176900 0.175800 0.174700 0.173600 0.173600 0.173100 0.170300 0.168100 0.166700 0.165600 0.164000 0.163100 0.160600 0.159300 0.159800 0.157400 0.156000 0.154900 0.155400 0.152400 0.152400 0.151800 0.150100 0.149500 0.149300 0.148200 0.147200 0.145300 0.141700 0.143400 0.142500 0.140800 0.138900 0.137300 0.136100 0.135900 
0.298400 0.303200 0.303300 0.306600 0.307600 0.306700 0.307700 0.304800 0.303500 0.300400 0.298500 0.294000 0.293200 0.292000 0.291000 0.289000 0.288400 0.288400 0.287800 0.285400 0.288800 0.285500 0.283500 0.290000 0.288000 0.286600 0.285800 0.284400 0.282600 0.277400 0.276900 0.278000 0.274200 0.274300 0.272400 0.270600 0.267300 0.266100 0.266500 0.265500 0.264400 0.259800 0.257000 0.256000 0.254800 0.252400 0.250300 0.249200 0.247500 0.248000 0.248500 0.246700 0.255000 0.258600 0.253900 0.249700 0.249400 0.243500 0.239400 0.239600 0.237200 0.233600 0.245500 0.230600 0.227700 0.226000 0.227800 0.224300 0.220000 0.220600 
0.262500 0.266800 0.267300 0.266900 0.269900 0.269500 0.271600 0.267100 0.268000 0.268600 0.267400 0.264700 0.264700 0.265300 0.262700 0.261300 0.261700 0.259100 0.259200 0.258500 0.257600 0.258400 0.258600 0.262500 0.260600 0.259900 0.258300 0.259100 0.256300 0.254000 0.253800 0.252900 0.249700 0.249500 0.247600 0.247000 0.243600 0.242400 0.243600 0.241000 0.242000 0.238500 0.235300 0.233800 0.232700 0.231100 0.228700 0.227800 0.228100 0.229400 0.228700 0.227300 0.232100 0.230800 0.232000 0.228500 0.226900 0.223500 0.221100 0.220600 0.219500 0.217500 0.206000 0.213100 0.212200 0.212000 0.209300 0.208200 0.204400 0.205900 
0.283800 0.287200 0.292700 0.295700 0.295200 0.301800 0.296100 0.304200 0.302300 0.298600 0.298500 0.299000 0.292600 0.289600 0.288500 0.289000 0.287800 0.284900 0.290000 0.289300 0.285800 0.290000 0.291600 0.294600 0.294800 0.294500 0.292900 0.292800 0.290700 0.288700 0.287600 0.287500 0.284400 0.284100 0.282400 0.281500 0.278800 0.278200 0.278900 0.277400 0.275300 0.272100 0.270100 0.269700 0.266900 0.266200 0.263400 0.260900 0.261200 0.259700 0.257200 0.256500 0.252500 0.243600 0.249700 0.248800 0.247300 0.248200 0.249200 0.246400 0.246100 0.243300 0.219200 0.240700 0.239400 0.236300 0.231900 0.231700 0.227600 0.227500 
0.305200 0.311300 0.314800 0.318400 0.320800 0.321500 0.324800 0.323400 0.323800 0.323200 0.322800 0.319500 0.319400 0.319300 0.319500 0.319100 0.318300 0.319500 0.317600 0.318300 0.320900 0.318900 0.317700 0.324000 0.320600 0.320900 0.319000 0.320500 0.317400 0.315000 0.314300 0.313300 0.310300 0.309400 0.308100 0.306400 0.303600 0.303200 0.303500 0.302300 0.301000 0.297400 0.295400 0.293900 0.291500 0.289800 0.286900 0.286100 0.285600 0.285300 0.285900 0.284000 0.292000 0.296000 0.290400 0.287400 0.286600 0.279400 0.278200 0.277900 0.275300 0.272200 0.276600 0.267300 0.266200 0.264200 0.264600 0.261500 0.257000 0.258100 
0.194500 0.195700 0.196100 0.197100 0.197000 0.195100 0.196500 0.192500 0.189300 0.189500 0.185800 0.183800 0.181300 0.181000 0.180000 0.178200 0.176400 0.177300 0.175900 0.175200 0.176900 0.173300 0.171100 0.175000 0.174300 0.173500 0.171300 0.170000 0.169100 0.166600 0.166800 0.166500 0.164100 0.164900 0.163400 0.161600 0.160000 0.160700 0.160500 0.159600 0.159600 0.156400 0.155500 0.154900 0.153500 0.152800 0.152000 0.151500 0.150500 0.148800 0.149000 0.148700 0.153600 0.158300 0.152100 0.149800 0.149200 0.145900 0.144700 0.144400 0.143700 0.141500 0.147900 0.138800 0.138800 0.137300 0.135800 0.134400 0.131500 0.132400 
0.220400 0.219700 0.225600 0.231400 0.227500 0.232900 0.227200 0.237800 0.236600 0.230800 0.231600 0.232500 0.225200 0.220400 0.221400 0.221000 0.220900 0.214600 0.220000 0.222100 0.215200 0.222000 0.225600 0.226100 0.225300 0.226300 0.225500 0.226400 0.224100 0.222900 0.220400 0.222000 0.219500 0.219100 0.217300 0.216900 0.215900 0.214200 0.214500 0.214600 0.212200 0.210100 0.209200 0.207700 0.205800 0.204900 0.203200 0.201700 0.200000 0.199300 0.198100 0.197000 0.191600 0.178300 0.184900 0.185300 0.184000 0.189100 0.190100 0.188200 0.188800 0.187200 0.160100 0.185200 0.184000 0.182300 0.175500 0.177800 0.174900 0.174000 
0.287700 0.290800 0.292700 0.294900 0.295200 0.296700 0.296100 0.296100 0.294400 0.293200 0.291200 0.289100 0.285200 0.283800 0.282300 0.281600 0.280300 0.278100 0.279200 0.278600 0.277400 0.277000 0.277200 0.281200 0.278400 0.278800 0.277300 0.276700 0.274000 0.270400 0.268900 0.268200 0.266100 0.266100 0.264200 0.262400 0.259300 0.257800 0.257600 0.256300 0.253900 0.251600 0.248000 0.246800 0.244700 0.243400 0.241000 0.238800 0.238500 0.235800 0.234600 0.234300 0.233900 0.228600 0.229800 0.227300 0.226700 0.225000 0.224600 0.221900 0.221200 0.219600 0.214400 0.215000 0.214100 0.211900 0.208000 0.207600 0.204800 0.203100 
0.165100 0.170100 0.165800 0.165100 0.170600 0.164900 0.173300 0.164600 0.165400 0.169700 0.168700 0.165000 0.168800 0.168900 0.171000 0.169600 0.168800 0.169700 0.167900 0.166900 0.169700 0.165400 0.162500 0.166600 0.165400 0.164000 0.164700 0.164500 0.162700 0.160900 0.162500 0.161600 0.159600 0.160000 0.159300 0.157000 0.155700 0.156100 0.156800 0.155500 0.156700 0.154700 0.152200 0.153000 0.152300 0.151600 0.149600 0.150400 0.151100 0.150200 0.149800 0.148500 0.156500 0.160100 0.155100 0.152500 0.152100 0.149000 0.148000 0.147800 0.146200 0.145400 0.151100 0.143900 0.142700 0.141900 0.141700 0.141100 0.138600 0.138700 
0.228300 0.235700 0.244400 0.251000 0.258900 0.268000 0.275700 0.283200 0.290600 0.299200 0.304700 0.310700 0.316000 0.319800 0.322900 0.326100 0.327500 0.328800 0.330800 0.331800 0.333500 0.335400 0.335100 0.339800 0.341300 0.342300 0.343900 0.347100 0.345400 0.343100 0.342800 0.343500 0.339500 0.339400 0.339700 0.338800 0.335900 0.336000 0.336300 0.335500 0.335900 0.333500 0.329900 0.330300 0.327300 0.326100 0.325300 0.323500 0.324000 0.323900 0.323800 0.323200 0.329700 0.332500 0.331100 0.326000 0.326000 0.322600 0.322100 0.321900 0.319800 0.319100 0.316700 0.314700 0.313900 0.313200 0.313100 0.310500 0.307100 0.308700 
0.354100 0.360100 0.364000 0.365400 0.369000 0.366300 0.367100 0.366400 0.366300 0.365100 0.362000 0.360500 0.358800 0.356500 0.354900 0.353300 0.351400 0.349000 0.350400 0.349500 0.348300 0.349700 0.348400 0.355200 0.353200 0.352100 0.351000 0.350500 0.347900 0.344700 0.342100 0.340300 0.338200 0.335800 0.334400 0.332100 0.328300 0.327200 0.325800 0.324900 0.323500 0.321100 0.315500 0.314800 0.311200 0.309100 0.307400 0.304000 0.305500 0.303300 0.303800 0.301200 0.304700 0.309100 0.306500 0.299200 0.298300 0.292300 0.290900 0.289200 0.286500 0.283000 0.271700 0.279100 0.275900 0.273700 0.272300 0.269300 0.265500 0.266200 
0.309400 0.313900 0.316600 0.316900 0.321000 0.319300 0.318600 0.317900 0.315900 0.315400 0.310500 0.307300 0.308000 0.305900 0.304000 0.302000 0.303600 0.301700 0.299800 0.298400 0.301900 0.300300 0.298000 0.304800 0.302100 0.301900 0.300600 0.299600 0.297400 0.294100 0.291500 0.293700 0.289200 0.288700 0.286700 0.286300 0.282600 0.281300 0.281400 0.279100 0.278400 0.275700 0.273500 0.271300 0.269700 0.267800 0.265800 0.262300 0.263500 0.263100 0.261000 0.259500 0.266400 0.275400 0.266900 0.264100 0.264000 0.257300 0.255000 0.255700 0.251700 0.248800 0.263600 0.243200 0.242300 0.240000 0.242100 0.238200 0.233900 0.233800 
